77635
80572
83049
85388
88274
91246
93187
94067	
95262
96877
98273
100269
102253
103616
104291
105418
106607
106962
107771
108257
108237
107709
107699
106848
106527
105847
106103
105813
105205
104657
101551
100943
100704
100179
99980
98467
91528
89624
87961
84842
83324
82488
81266
78457
76440
72070
70187
68351
66553
65129
62752
60960
59322
57752
56594
55300
52942
50966
47986
46175
43691
42097
41367
39893
39297
38429
36976
35877
35262
34730
32872
31710
30637
28997
27485
26274
25909
24569
23925
23101
21543
21212
20972
20637
19573
18655
18303
17638
16836
16681
16496
15563
15255
15060
14884
14621
14642
14709
14242
13595
13459
13428
13303
13179
13157
12919
12493
12473
12456
12368
12440
12404
12248
12322
12404
12301
12442
12565
12581
12609
12616
12230
12422
