12839   18
14955   19
17750   20
20603   21
23073   22
26062   23
28710   24
33190   25
37860   26
42681   27
46638   28
50418   29
54030   30
57521   31
62013   32
66414   33
70065   34
73880   35
75528   36
77635   37
80572   38
83049   39
85388   40
88274   41
91246   42
93187   43
94067	44
95262   45
96877   46
98273   47
100269  48
102253  49
103616  50
104291  51
105418  52
106607  53
106962  54
107771  55
108257  56
108237  57
107709  58
107699  59
106848  60
106527  61
105847  62
106103  63
105813  64
105205  65
104657  66
101551  67
100943  68
100704  69
100179  70
99980   71
98467   72
91528   73
89624   74
87961   75
84842   76
83324   77
82488   78
81266   79
78457   80
76440   81
72070   82
70187   83
68351   84
66553   85
65129   86
62752   87
60960   88
59322   89
57752   90
56594   91
55300   92
52942   93
50966   94
47986   95
46175   96
43691   97
42097   98
41367   99
39893   100
39297   101
38429   102
36976   103
35877   104
35262   105
34730   106
32872   107
31710   108
30637   109
28997   110
27485   111
26274   112
25909   113
24569   114
23925   115
23101   116
21543   117
21212   118
20972   119
20637   120
19573   121
18655   122
18303   123
17638   124
16836   125
16681   126
16496   127
15563   128
15255   129
15060   130
14884   131
14621   132
14642   133
14709   134
14242   135
13595   136
13459   137
13428   138
13303   139
13179   140
13157   141
12919   142
12493   143
12473   144
12456   145
12368   146
12440   147
12404   148
12248   149
12322   150
12404   151
12301   152
12442   153 
12565   154
12581   155
12609   156
12616   157
12230   158
12422   159
12457   160
12456   161
12474   162
12482   163
12646   164
12694   165
12924   166
12953   167
13063   168