2651   18
2547   19
3497   20
3590   21
3233   22
3526   23
4207   24
5322   25
5986   26
6557   27
5560   28
4789   29
5249   30
5210   31
6153   32
5959   33
5974   34
5217   35
4050   36
4053   37
4782   38
4668   39
4585   40
4805   41
4316   42
3599   43
3039   44
3836   45
4204   46
4694   47
4092   48
3153   49
2972   50
2667   51
3786   52
3493   53
3491   54
3047   55
2256   56
2729   57
3370   58
2646   59
3021   60
2357   61
2324   62
1739   63
2091   64
2086   65
1872   66
1965   67
1900   68
1389   69
1221   70
1075   71
1444   72
1401   73
1327   74
1083   75
802    76
744    77
850    78
888    79
992    80
789    81
875    82
675    83
451    84
813    85
665    86
642    87
652    88
669    89
531    90
300    91
397    92
584    93
593    94
516    95
416    96
355    97
178    98
318    99
321    100
177    101
218    102
270    103
197    104
280    105
283    106
202    107
379    108
163    109
346    110
338    111
303    112
210    113
329    114
333    115
251    116
262    117
224    118
218    119
122    120
190    121
296    122
259    123
175    124
174    125
126    126
142    127
187    128
201    129
223    130
235    131
192    132
208    133
138    134
193    135
229    136
276    137
188    138
234    139
169    140
114    141
163    142
230    143
233    144
249    145
219    146
190    147
129    148
282    149
306    150
252    151
275    152
255    153 
170    154
212    155
289    156
386    157
379    158
295    159
239    160
159    161
190    162
284    163
156    164
210    165
189    166
222    167
130    168